100
4
1332
4
9583
3
616
10
1029384756
100
7533645561121254883334854442934779267889159113618799753215641535193235733354338299528823474576967191
94
3275534621311766177664656377122373663561521737645216324611366461317724647326276632742565424137
98
43345344453353443444553454335453545343533333355435345535554543445553354434355535533555343555544455
94
2774272232335774723755225643476745434625726744747364375662236774472654624774676427237327243524
90
755675655767776675765577756667757577776556575656565756766676556655775755766577556555577665
100
5554455455444455455554554455445544544455555455554545555454554445555445444454554454554544445545454544
90
100331041304420512332010355432504101312132101035213500353424251104423550255444104523042435
100
1111221113321133222222221323121111113212111321331321223111231233132311222112111332121122111312113222
92
23332233322223232322233233233332333222222223232222222222222233322223322322333333322332333232
3
011
2
00
98
86786777866887686868776666668878688677776788777888667686666668776877868677777776668768868868678768
93
556565655666555556566565666656555566556665656556656555666565655655556566666566555555655665555
3
112
100
4486438684623736884855154243824499334183276531117441775393892431569838479993876622876656378732567941
96
444333334434333334443344434434444343443434333443433434443344443344434333334343343334444344443444
93
334134242233334114234323433442111224423134241342223313322241232222313342422441324441333113432
100
9999999999999999999999999999999999999999999999999999999999999999999999999999999999999999999999999999
7
9000555
100
0123456789012345678901234567890123456789012345678901234567890123456789012345678901234567890123456789
15
222229888888811
91
6657661453532545364252713136767435162554126453745272736533635645535552742724221171162111362
94
1110423123434214441024340413433210331100222213004004321304212332212130241223033423441011200442
96
446648884765447554875757646864585756667848678548676455848568486868657475584785864884474886786588
95
12843254485153556311377681563213764134146178433834223128887465513483324686476452378857886753734
93
632265243763856473251555742765154213843363122356748265831457588431444472367816646563614835213
98
22324423232322432242232333343333234244224223343423233322432332442342344423332322343444242322433233
94
6625533736366547237523347523444636474545256263777676646767734775453344566766462423757647457367
96
559677956678979886998798855767798875788585955959896959557655879869658997587988899775796666588789
100
3433434334334444334444333433444433433433344444333444433433343343333443434343333343444434443343444433
99
121222212121211122212212222121121111121111112122221211211122222211112121212121211211111112111122212
91
6554456444645454454565645546456654555546664556546456666546546565664446465564565456566645655
95
60472711311764033453707206571041634765534142306705530111316503014641104172052753207634567027463
98
99996879786769897988679989868969688799699687978977777968776667987966978976698799679787967677768776
97
0100021010120011110100100120102121211220111002211202100021210001111112102002211101000100022102012
5
19091
95
24434242233242224322334223422343323323244333434232343334444342222343422322422234424232323443243
99
111111111100111100010111010101000110100000110001110001010001101101100010110110000101101111100111010
92
21640276633334055523512043076415434605655157450103552741500213413114267170110706030701676023
91
5228535776523353256444834527722545633332354633348243577367355478753342685572883855352788374
99
988999888898898988899998999998889989899889988988898998988989889889899898889889988888899889888899989
95
04134302232410303301103410130042032332334331300422043413423230331242333434442112021403401421023
90
465576445665776564475647465674477467574557656645654475556564777776566564567444645447576754
99
755775466737346374553567374437774777364747744464337777375455576544637547754764776556553373477343537
96
111122112222122221211221212222111222112111211122212111112122121211221122222222122112212111122222
92
44885887469668744639689847558999556499397897553797846734754463564453873677474658759774354937
92
37688447587737766458756868736834864656473845354568553385763847663486858634768355645455733344
97
0010102111202100020121122122020001012011100202102022121120220011202020221101120012222000222200201
95
12121112111211112212211122211221112111211212121221211111221121221122212222122212112222211222211
96
121262316614242622631325165141145515426134166116616241565561361552624544633266225346215463431413
100
0000000000111111111122222222223333333333444444444444444444443333333333222222222211111111110000000000
98
54345342524323232543453333352323452423324342454335454553533425455444335435435254245525444254354544
98
53244465653366222255565522466256444322443445455546532553234554654436633425252365223545433226655426
3
001
97
3345563634636536635333543555563363336566456564345356336533666364544564565566444534645345465343663
93
232123323132323223222333122212123123223122333113231333233132123121313212223333133213322213331
99
754848658775564457648778555457445888876566857584856565486584765448886775458885647876688655557588784
3
211
97
7466846454684885444565847547865884856664587447556847877464464854765554645775545674585687478464744
95
32424225222342343462236534233536632632223245343432255546545244322435243253445653426342622424252
98
43324224455523224542324423353434424554255224222244444544354233442455323535344224424532425225542544
98
12133100232303231110231031020120310100202311203221123133002103131121322311022030021101031303021011
93
667667777575777755566677766677555777667657655665766575557575566677567557766677766557776575575
93
466553662465253434255243354542424222664536565355525523335434233656265653645566446424644434246
99
332125616252162151636353212765661644154565152276636521571623534217451273577633345726253414261733324
91
3244222422234333343434422234224344443324223343244443434343324222432224234222343333444322324
90
455555544554445444545554554454455444555555555444444544545444454454555545445454554454554554
91
5365534666635665356543433363536335534453444546364334654354335455356535343366564663555654634
100
7422325433115572733111667725271566345745154122254343332357732356657113322762416713732124145121714446
100
0987654321098765432109876543210987654321098765432109876543210987654321098765432109876543210987654321
100
0000000000000000000000000000000000000000000000000000000000000000000000000000000000000000000000000000
100
5749793237591429835482968581759349119319384241936313636574876588572346656361361288281999661235391667
92
44736429878567169251944385273783822745615912769386137799124888264385644731763752951183388182
96
787899699776869686779778987899797879678779798668779886968769786768767877699767677766679979699769
99
889888999998989999889888998899999989899899889898898989988998988898988898889898998999888888988989889
97
5756675765657655777656677776755565666765656576775567567665657656657757655567776755757775766677675
90
101011101110111110111000101010010101111100100010001011010000100110000100100011000000101011
92
88888998798977877877897797779788897989877789797797898989788887999999898797988977897879899899
90
444535534545444335435443443345543335333355344553443353554545554355335534455445455534345555
92
98888866767978798879697668897979977686768779879878677968977868677798976988668866987796769686
97
6756658755777877768766675877777776577566676556875775658656755765865788566855855688767557886857656
93
004435100010224013504113522242220112351545410534024233252331123540145015145220331304451131411
2
01
98
42532445324442253435322334455533553442434434523223353344423533523333443425433343233433325443243555
97
6041101656650014364236530325262411334232025602014001336553126056044560555202241020363545223650146
97
7769855595876796766856568969785556786488449975668549947858464869994784848765567855945546866895597
91
5445455554455444445545555555555544554455545544444444554544555555544454555544454455545445554
95
66566555565655566565666566555665555655555566656565666666565665556565565655665656665656666566665
91
5576744454832772382587133832814456211218139538744259837195296424566525585165633557679757883
92
58659975558967589658867869567666956988978888987785756975967895669966878756958866859997858976
100
4444454645666544465466464445546466564456554664655544546666644556656444665655555664454546456556654464
100
3255242455341377366104443105221004277573330673530100566520263746304051332363241523125345116704671311
2
10
3
110
93
927464521478348149895259534496736241326446576344783282443433432235571724256424547186871815859
94
1121212111111211121112122222121222122121121212212212221111221212112112212222122112122222211111
